time,x,y,z,phi,theta,psi,x_velocity,y_velocity,z_velocity,phi_velocity,theta_velocity,psi_velocity,rotor_speed1,rotor_speed2,rotor_speed3,rotor_speed4
0.06,5.5417011458e-08,-8.74110350312e-08,10.0026691749,6.28293552975,6.28309795947,0.0,6.05871929827e-06,-1.37724698927e-05,0.088969000897,-0.0141602741416,-0.00453933135655,0.0,433.33019931608527,432.9485462665626,434.2266885628381,433.0374606933262
0.12000000000000001,3.0994619453e-06,-8.80439678369e-06,10.0097509122,6.28209680395,6.28281526733,0.0,0.000121995762878,-0.000357667560785,0.147082624628,-0.0136182031738,-0.00505820413433,0.0,422.9473532743357,422.90275491391134,423.8824790747711,423.929153147632
0.18,1.94533549584e-05,-5.63642085802e-05,10.0218977829,6.28110743142,6.28227139797,0.0,0.00046543332562,-0.00132045584483,0.257793693625,-0.0229589417719,-0.0186068225647,0.0,439.805783503586,438.6824931498504,441.7777560456167,441.007103470295
0.23999999999999996,7.39113364608e-05,-0.000190594395628,10.0433910619,6.27924216551,6.28076530295,0.0,0.00149726265499,-0.00333205508508,0.458588674754,-0.0569936595728,-0.0430798537888,0.0,469.241339898045,467.3378130196213,468.8057047367367,466.1535947881701
0.3,0.000237096064758,-0.000506332789141,10.0785464768,6.27547162517,6.27781052388,0.0,0.00428235870507,-0.00763623658513,0.71313095517,-0.0783247683215,-0.0659218193383,0.0,484.42392622539785,482.70206533181243,484.67361747594566,483.0653391491817
0.36000000000000004,0.000611574156422,-0.00112940122751,10.1229082412,6.2709818545,6.27369756068,0.0,0.00858257108666,-0.0135679625244,0.765553874383,-0.0686265472929,-0.0744006469771,0.0,422.6346056345397,421.89942891062486,421.48443164554783,422.3168927133484
0.4200000000000001,0.00139857762233,-0.00228526727859,10.1775526411,6.26697308148,6.26888110278,0.0,0.0182475682883,-0.0254864675755,1.05569008833,-0.063413728918,-0.0958446919013,0.0,494.9633600399419,493.37818864601365,494.08542551337626,494.46669346420225
0.48000000000000015,0.00279542606466,-0.00414801936114,10.2429497185,6.26310890183,6.26391796864,0.0,0.0288265753841,-0.0369771754707,1.12413218966,-0.0664577587905,-0.0646109007739,0.0,426.40202194918777,429.05529010611593,428.3369396302017,428.07480033310947
0.5400000000000001,0.00507331340325,-0.00693776525681,10.3201697951,6.2590192727,6.25961803199,0.0,0.0476408525181,-0.0565530511393,1.44949239825,-0.0718021539605,-0.0920298669944,0.0,506.373572116245,504.3939397958529,504.246823073104,503.8577315403569
0.6000000000000002,0.00850030419195,-0.0109080218465,10.4125889664,6.25442806042,6.25401793192,0.0,0.0672203654499,-0.0762873027668,1.63087501958,-0.0881870215918,-0.0960799736394,0.0,464.402465574043,464.0777321494565,464.79958373133934,463.5093400289694
0.6600000000000003,0.0131468744133,-0.0160884848623,10.5130597105,6.24904051391,6.24779346136,0.0,0.0882535842154,-0.0969246823637,1.71798566889,-0.0932112616243,-0.127026737002,0.0,436.97410142159725,434.3765924580197,435.8023308693338,435.3752698844311
0.7200000000000003,0.0192971118795,-0.0227209675519,10.6216959684,6.24300940984,6.24037680118,0.0,0.117604429502,-0.124804532576,1.90287339518,-0.12204518431,-0.11753646372,0.0,466.48529250980994,467.21261067885473,466.68511739700705,464.4204787284648
0.7800000000000004,0.0274231285382,-0.0312155752222,10.7424231057,6.23556158306,6.23303248831,0.0,0.154103283749,-0.159213283783,2.12090326303,-0.128661285602,-0.134540975629,0.0,477.4715506551587,476.15991019118326,476.9338173760895,476.41538071511377
0.8400000000000004,0.0379120162252,-0.0419476334638,10.8760364387,6.22754706939,6.22514259398,0.0,0.196450458732,-0.199428351872,2.33236122378,-0.145853628399,-0.126023453229,0.0,475.24598129098206,475.8836669511457,476.6805140483394,475.3495835567499
0.9000000000000005,0.0511804968898,-0.0553384072473,11.0231847809,6.2190794582,6.21797447028,0.0,0.246702257122,-0.247952018789,2.57194543497,-0.133049462942,-0.108833035152,0.0,483.4776882643061,484.7593303529305,485.47578606834736,486.41875143949267
0.9600000000000005,0.067398429512,-0.0716108890415,11.181093086,6.21154394072,6.21181518146,0.0,0.294539672749,-0.295252814052,2.69127531314,-0.113783424237,-0.0925239371183,0.0,449.4579662103177,450.7686314537062,449.86430774037035,451.4072319413757
1.0200000000000005,0.086629291993,-0.0908915669638,11.346350157,6.20524882728,6.20628034868,0.0,0.347052258596,-0.348100264307,2.81687688771,-0.0913830549942,-0.0916998252403,0.0,453.7907221144979,453.84989176263383,451.56250818528525,453.3561837950299
1.0800000000000005,0.108974803783,-0.113316546857,11.5171501601,6.19997462558,6.20042391292,0.0,0.398326051602,-0.39989917518,2.87620078354,-0.0817256613426,-0.113298142468,0.0,433.57503547275616,431.747872049904,433.0436335901608,433.8485620641816
1.1400000000000006,0.134682446617,-0.139118043208,11.693487366,6.19482776809,6.19456799421,0.0,0.45922304292,-0.46064800788,3.00125308663,-0.0954565028371,-0.0771239340556,0.0,453.0884474995385,455.97876966258184,454.85480209198573,453.7478492240678
1.2000000000000006,0.164436943344,-0.168950456935,11.8803595824,6.18954733037,6.1895291207,0.0,0.533109737006,-0.534365266603,3.22705596445,-0.0762059888009,-0.103467126494,0.0,486.8318187872193,484.8512504755879,484.4158650133596,485.8553983892133
1.2600000000000007,0.198600320162,-0.203176532104,12.0791371281,6.18491591277,6.18297867784,0.0,0.606331177133,-0.606967343402,3.39820126602,-0.0792341210863,-0.12413551988,0.0,472.1269243681497,470.51947044740837,470.7224608758631,470.48369802399515
1.3200000000000007,0.236962768369,-0.241525391998,12.2847519378,6.18041117504,6.17522957679,0.0,0.673118588595,-0.671744872294,3.45528430201,-0.0678525534346,-0.14175998241,0.0,437.88781721494433,436.4033028544066,436.2947049885963,437.2393878939896
1.3800000000000008,0.279485193035,-0.283844366211,12.4937570411,6.17632049134,6.16680125768,0.0,0.745078628977,-0.739249993281,3.51119192545,-0.0688368129363,-0.138015719319,0.0,437.5831384949234,437.87605404665993,436.98949658888984,436.90384972834016
1.4400000000000008,0.326484449001,-0.330289451207,12.7060637859,6.17225325513,6.15827700958,0.0,0.822333136125,-0.809281102341,3.56532590014,-0.0657677278518,-0.15173974642,0.0,438.6277538837197,437.4671459372066,436.9507350475909,437.20299211642816
1.5000000000000009,0.377962530109,-0.380730227385,12.9190621535,6.16818967723,6.14898974341,0.0,0.894364813008,-0.872409829402,3.53451338552,-0.071960936921,-0.161702320487,0.0,410.6057990409309,409.69598313529195,410.1806117637496,409.62631502207404
1.560000000000001,0.434370279952,-0.435407903551,13.133456767,6.16402234922,6.13930857629,0.0,0.98680234601,-0.950553111589,3.61146000089,-0.0648664526077,-0.160663638384,0.0,446.0841727067994,446.14433092684254,445.6538243803217,446.2297025714362
1.620000000000001,0.496926983255,-0.495189306766,13.3552074714,6.15973611565,6.12998453947,0.0,1.09938236756,-1.04252562892,3.77935661013,-0.0897150086668,-0.146547326811,0.0,474.52633116174144,475.5874957607924,476.2908444543639,474.3826959041515
1.680000000000001,0.565560100168,-0.559886142345,13.5813509051,6.15400371323,6.12086711939,0.0,1.18912847388,-1.11449298031,3.75854628794,-0.110929669595,-0.165871914174,0.0,417.70378279735627,415.99111219693754,417.68189677874074,415.81869626055266
1.740000000000001,0.640552223397,-0.629642771625,13.8110936293,6.14724813574,6.11078791078,0.0,1.31158184057,-1.21135812336,3.89864218645,-0.116142856825,-0.172585978073,0.0,469.73620233224045,469.1898084628471,469.1940748267812,468.77858033912855
1.8000000000000012,0.723110324009,-0.705355833693,14.0491690493,6.14012265937,6.10028576346,0.0,1.44135518038,-1.31306310064,4.03623999701,-0.124575227136,-0.180442046432,0.0,470.42718859198675,469.79068976038707,470.96126442917216,470.29667740285095
1.8600000000000012,0.812904115729,-0.786724602972,14.2913046107,6.1325598912,6.08927960641,0.0,1.55268318546,-1.39984869736,4.03450612152,-0.129159957712,-0.190208551234,0.0,428.54266808533214,427.6774559245373,427.870810633184,427.46509445197415
1.9200000000000013,0.909884421579,-0.873670719372,14.5348351118,6.12440659905,6.07809720432,0.0,1.68097616996,-1.49902652228,4.08246825303,-0.154806494529,-0.179644136944,0.0,444.2769951003041,445.10864033794735,447.03694480520437,444.9244242945214
1.9800000000000013,1.01513457634,-0.967001266835,14.7828777684,6.11498520109,6.06761522792,0.0,1.82830636063,-1.61282706939,4.18460326453,-0.161866076938,-0.166306117497,0.0,463.58877674429016,464.6076382306221,464.51764856168813,463.9413998582261
2.0400000000000014,1.12870913416,-1.06679499976,15.0337216637,6.10567405758,6.05782181478,0.0,1.9583003384,-1.71439869831,4.17631705379,-0.144386356109,-0.157685563459,0.0,429.28950322084387,429.99401521861415,430.63687516498067,432.08928224450625
2.1000000000000014,1.25051096538,-1.17304267151,15.285120978,6.09695686473,6.04907884265,0.0,2.10247701512,-1.82790564841,4.20294695941,-0.147148283862,-0.128769149573,0.0,441.6897666098419,444.0477816263744,444.0272781520463,443.7808321272643
2.1600000000000015,1.38052339833,-1.28579989644,15.5356276346,6.08852896266,6.04109139927,0.0,2.23185042891,-1.93134088943,4.14694763926,-0.129660670865,-0.14367425318,0.0,418.20773030407065,416.8894608020964,415.38310769047087,416.8940213563762
2.2200000000000015,1.51984944066,-1.40601358979,15.7883455258,6.08084053392,6.03206381713,0.0,2.41303922568,-2.07642160246,4.27571722376,-0.125264232489,-0.169617620653,0.0,479.57992664941565,477.58494745838465,477.9395547478467,478.26081186956475
2.2800000000000016,1.66919822143,-1.53427646955,16.0447475677,6.07348833242,6.02187472012,0.0,2.56602266273,-2.19957665604,4.27032563184,-0.117578944916,-0.170222080915,0.0,439.2854232495213,439.20727486864615,436.2230771766066,436.85053693609893
2.3400000000000016,1.82865842195,-1.67064505332,16.3035069138,6.06603643339,6.01138919196,0.0,2.75011020532,-2.34658341603,4.3537850248,-0.142663531976,-0.185852990021,0.0,469.185531444606,467.94228362182594,469.5029741008735,467.5388264989655
2.4000000000000017,1.9998034842,-1.81631863352,16.5686724307,6.05723863281,6.00014367211,0.0,2.9555912429,-2.50986295341,4.48346276626,-0.156044151527,-0.190766006686,0.0,486.17512452638965,485.7759582694247,485.8170615416609,484.7942818349415
2.4600000000000017,2.18255785995,-1.97123791862,16.8383177687,6.04763587989,5.98824122228,0.0,3.13706134487,-2.65480883702,4.50360370378,-0.169559494051,-0.221351415298,0.0,455.58462025010874,453.09332146370855,454.6007915571065,453.4923941712994
2.520000000000002,2.37681216209,-2.13532809056,17.1103074905,6.03785714911,5.97520026057,0.0,3.33905390633,-2.81557128613,4.56123620854,-0.152312165629,-0.210364680593,0.0,468.436842151239,469.24644665151084,468.5740723576103,469.8891728334458
2.580000000000002,2.58357639032,-2.30935217644,17.3860627521,6.0290744652,5.96243462851,0.0,3.55397867873,-2.98582303439,4.62901107049,-0.136584047013,-0.218033063662,0.0,476.04940776927765,475.42068907802206,474.69020570126526,475.8771093756535
2.640000000000002,2.80308633872,-2.49345345291,17.6646047655,6.02098981096,5.94904975544,0.0,3.76391649245,-3.15138598787,4.65430269645,-0.131301096399,-0.235779495206,0.0,467.5382024329502,466.10602338955033,463.39313823276825,463.7923796954668
2.700000000000002,3.03598110179,-2.68803424752,17.9460343201,6.01273080072,5.93452276117,0.0,4.00020847344,-3.33506842287,4.72482471597,-0.155017471231,-0.259412268024,0.0,484.67296938234807,482.8389424634325,483.3710733687758,481.5637618995599
2.760000000000002,3.28068245027,-2.8918428941,18.2245522287,6.00341728813,5.91893455977,0.0,4.15749200161,-3.45915444523,4.55866780009,-0.155643410228,-0.260595439923,0.0,405.3064922426673,405.12502024424884,404.3767261635116,404.29491998155464
2.820000000000002,3.53738743072,-3.10492764502,18.49892281,5.99454988218,5.90295077477,0.0,4.40034332139,-3.64413134606,4.58514747273,-0.135486027013,-0.28166590022,0.0,475.9074554265904,474.22425645336114,473.3962211751132,474.9257848525876
2.880000000000002,3.80756528142,-3.32826800513,18.7713976394,5.98665137522,5.8862760613,0.0,4.60661614807,-3.8009686789,4.49618088126,-0.124895598528,-0.271313483876,0.0,438.94395811667835,439.7231997682064,438.3096051059179,439.17285490568895
2.940000000000002,4.09026248503,-3.56105927402,19.0381641135,5.97897596532,5.87017752328,0.0,4.81756912852,-3.95913127233,4.39490334924,-0.134787831831,-0.262902410298,0.0,437.1633473911695,437.78987081750415,437.7656822565973,436.926220990695
3.000000000000002,4.38540116468,-3.80314812241,19.2977554829,5.97073063308,5.85419109358,0.0,5.02127345617,-4.11094517741,4.25718177628,-0.143286384528,-0.274648471956,0.0,425.7531404961017,424.67125578264785,428.5586474726955,427.817122629635
3.0600000000000023,4.69433209611,-4.05536842484,19.5517504567,5.96204825933,5.83795147921,0.0,5.27725977929,-4.29674991406,4.20754687613,-0.147705104829,-0.263699702308,0.0,460.4669308008832,461.26123809941674,462.3632035393049,461.99615146630737
3.1200000000000023,5.01760735153,-4.31803237223,19.8000884138,5.95364971403,5.82195809326,0.0,5.49937530905,-4.4591427287,4.06921162958,-0.127825765481,-0.272972235963,0.0,433.6511113300095,432.7974057146215,432.4727314362957,434.12533729644264
3.1800000000000024,5.3557786252,-4.59143452309,20.0425470505,5.94566024208,5.80526706446,0.0,5.77372284388,-4.65449295631,4.01082398323,-0.146812163136,-0.291410656625,0.0,466.2362005467621,464.7178365299031,466.9966241356785,465.4971740173502
3.2400000000000024,5.71024424834,-4.8764067741,20.2805375364,5.93690757604,5.78799007769,0.0,6.04253176353,-4.84486516749,3.92030972079,-0.144073674273,-0.281811714792,0.0,459.55687190116845,460.2361244933427,458.0714813788186,458.2700475879638
3.3000000000000025,6.07853128833,-5.17132356859,20.5084866881,5.92797732747,5.77104322224,0.0,6.23450454276,-4.98619346042,3.67730077708,-0.160637688066,-0.283747426024,0.0,403.74314419213607,403.47867434777754,404.5318551374318,403.01345419271723
3.3600000000000025,6.46078248769,-5.47623396829,20.7254907461,5.91803154904,5.75393451937,0.0,6.50778624251,-5.17780907218,3.55428026557,-0.17872214481,-0.288090368924,0.0,455.39313701298363,454.96508628634024,453.8041391222076,452.3236947004563
3.4200000000000026,6.8583910717,-5.79200616692,20.9328979085,5.90743704847,5.73700866305,0.0,6.74644009019,-5.3483770782,3.35787402983,-0.172599225341,-0.272233227433,0.0,429.99352090154355,431.25145556804165,429.4712430912962,429.9591985523179
3.4800000000000026,7.26933228064,-6.11743778526,21.1265619653,5.89785346124,5.72087810021,0.0,6.95221467733,-5.49986487377,3.09670846705,-0.141875199497,-0.262815360996,0.0,406.83169642663177,407.594127088322,404.71916905956016,407.4483276997232
3.5400000000000027,7.69435205749,-6.4530197257,21.3067332792,5.88924352899,5.70460222702,0.0,7.21549817016,-5.68650617438,2.90742460528,-0.146957425918,-0.299042839574,0.0,441.48792054905357,438.409982706526,439.89240228256534,439.4517181109233
3.6000000000000028,8.13623026965,-6.80043148958,21.4765873341,5.88012111845,5.68633288549,0.0,7.51412416881,-5.89403547525,2.75218878891,-0.16486194842,-0.31850308633,0.0,458.953685112867,457.3137056479387,459.1767470292362,457.73237036111664
3.660000000000003,8.5958466155,-7.16018226735,21.6363392949,5.86998237576,5.66720766266,0.0,7.80676494048,-6.09783428264,2.57064917482,-0.178824676193,-0.319258335334,0.0,454.0095764572846,453.8473457793321,454.23639720304226,453.08796614172667
3.720000000000003,9.07350099108,-7.53243336697,21.7852772359,5.85925637569,5.6480235115,0.0,8.1152480902,-6.31067320935,2.39147079014,-0.178651076402,-0.320705679496,0.0,461.42648153908397,461.2116585527571,460.9189323534298,460.9030625555991
3.780000000000003,9.57078265522,-7.9180847989,21.9242920394,5.84823228585,5.62964768196,0.0,8.46073913164,-6.54438108615,2.23941529397,-0.196555131985,-0.28694074665,0.0,478.5116498991348,480.98617787978003,479.3066571993484,477.9131176281359
3.840000000000003,10.0900449936,-8.31846990872,22.0550998988,5.83654621755,5.6124044177,0.0,8.84752317621,-6.80170849835,2.11741603832,-0.191418625351,-0.288294771935,0.0,498.4185022769033,498.2454645728249,499.9445672191465,500.2863983277287
3.900000000000003,10.6287483198,-8.73228605665,22.1737639534,5.82467497663,5.59501070747,0.0,9.10928437599,-6.99248711629,1.8361444064,-0.215550558623,-0.293296085524,0.0,441.39805441273313,440.8988236443725,441.7580959111094,439.72339585134466
3.960000000000003,11.1854499854,-9.15884706265,22.2776370606,5.8121920279,5.57727538141,0.0,9.44698905707,-7.22625957817,1.62332697367,-0.196192079485,-0.300607171415,0.0,478.308975802219,477.66935472086095,476.32599055230145,477.76498824247847
4.020000000000002,11.7593559263,-9.59786533232,22.3650685109,5.80009958285,5.55938493447,0.0,9.6832420705,-7.40806902904,1.28930766971,-0.215239730207,-0.293715607534,0.0,430.85550075721056,431.3444927619209,431.117344512874,429.462333708734
4.080000000000001,12.349402129,-10.0489033097,22.4340537869,5.78672132277,5.54163272145,0.0,9.98451326799,-7.62668140996,1.00757829708,-0.246576978792,-0.30055796405,0.0,462.96755785101476,462.34324584400565,461.96026795426826,459.4327089245989
4.14,12.957256604,-10.5130013913,22.4854319323,5.77175648759,5.52336651872,0.0,10.2767797512,-7.84342749331,0.702314270891,-0.255780595556,-0.313585748603,0.0,460.1494439744349,459.0249507660116,459.1041920201752,458.31262062055725
4.199999999999998,13.5807554087,-10.9892212405,22.5163174046,5.75678525252,5.50524613394,0.0,10.506282358,-8.03095703793,0.325130292933,-0.239290239335,-0.2854798305,0.0,431.1193460652965,433.39181814888974,431.3194275208463,432.6458661179195
4.259999999999997,14.2199761774,-11.4777964531,22.5259053966,5.74241664174,5.48767661108,0.0,10.80031656,-8.25503488711,-0.0082979166714,-0.239851924221,-0.314471917286,0.0,462.9572993399574,460.5840837382301,462.1104570302483,462.0112883421993
4.319999999999996,14.8736143005,-11.9782971628,22.5123595182,5.72773077485,5.46877057854,0.0,10.9875157038,-8.42885720817,-0.444996423967,-0.257022245779,-0.31638480882,0.0,416.4855240914728,416.2092298710639,417.0198856081426,415.45150484287944
4.379999999999995,15.5418806481,-12.491035428,22.4749664632,5.7123322348,5.45025948823,0.0,11.2870263562,-8.66245463139,-0.804582204133,-0.255894754814,-0.296212001249,0.0,465.21446970913115,466.6992314598346,466.16548162400994,466.1907916023372
4.439999999999993,16.2258601433,-13.0167980508,22.4138143374,5.69683839878,5.43283721584,0.0,11.5116852401,-8.86337010513,-1.23617368482,-0.263355076383,-0.280716460354,0.0,436.7284330755027,437.932240786083,438.01635109881096,437.32681486736954
4.499999999999992,16.9244424475,-13.5553080973,22.3271964167,5.6808622138,5.41563443856,0.0,11.7733743931,-9.08721692979,-1.65392991794,-0.27283329447,-0.302695181504,0.0,455.5053723392137,453.66098823462875,455.70311563047596,454.87458943807906
4.559999999999991,17.6365645805,-14.1063615754,22.2135747737,5.66480491547,5.3977255802,0.0,11.9634653823,-9.28175800052,-2.13576937122,-0.258849395096,-0.291177783092,0.0,426.5528536408161,427.44104290390345,428.19995914591016,429.3132582601751
4.6199999999999894,18.359230635,-14.6688474461,22.0700829761,5.64986056265,5.38017143141,0.0,12.125004893,-9.46849143761,-2.64936314767,-0.234496124425,-0.295500299017,0.0,417.1769223651266,416.70581688980997,416.5310446103781,418.58934245001115
4.679999999999988,19.0943172549,-15.2439952124,21.8971231755,5.63549896487,5.36198178273,0.0,12.3766819613,-9.70339870162,-3.11901276903,-0.251463577365,-0.326367457667,0.0,456.8489509291896,454.2865056743915,456.2587809123734,454.84517892382166
4.739999999999987,19.8446403712,-15.8334687492,21.6955796033,5.62023236036,5.34218371602,0.0,12.6326980503,-9.94588992357,-3.60252480451,-0.261174871227,-0.338340184754,0.0,462.0047153132866,460.9515873612681,459.9149975550694,459.08185689232585
4.799999999999986,20.6082366837,-16.4367227222,21.4632990849,5.60451522394,5.32157446757,0.0,12.8195575452,-10.1630772236,-4.14315169008,-0.263550549911,-0.356491549539,0.0,438.6194958172637,436.98429816212456,436.9227298843579,436.6540565134977
4.859999999999984,21.3872866221,-17.0550456975,21.2003489001,5.58903442999,5.29976591536,0.0,13.1464640647,-10.4473875337,-4.62638302833,-0.248778747466,-0.383439116067,0.0,492.509768863098,490.38733037699154,491.5802906674459,492.61416822010654
4.919999999999983,22.1839577534,-17.6897223392,20.9067119173,5.57366213302,5.27636489646,0.0,13.4073629255,-10.7085155946,-5.16566222185,-0.278253659502,-0.408243732152,0.0,475.6995999736283,473.64652604340046,474.56785878589005,472.235647917284
4.979999999999982,22.996136021,-18.3401674262,20.5799765784,5.55792057213,5.25261916995,0.0,13.6631910619,-10.9729804045,-5.7299072106,-0.241737896297,-0.378326570092,0.0,475.2842138721139,477.420388882657,476.01346266374253,478.73542805671786
5.0399999999999805,23.8213729999,-19.0057581337,20.2176768656,5.54323435849,5.22996038898,0.0,13.8433124359,-11.2140193126,-6.35048015746,-0.251637813224,-0.376323713195,0.0,454.63243116779364,454.64897263522215,455.4716439739913,454.6200551051828
